[gd_scene load_steps=11 format=2]

[ext_resource path="res://item/items/weapon1/Sword_model1.gd" type="Script" id=1]
[ext_resource path="res://item/items/weapon1/Hitbox.tscn" type="PackedScene" id=2]

[sub_resource type="PrismMesh" id=1]
size = Vector3( 0.25, 0.15, 0.1 )

[sub_resource type="SpatialMaterial" id=2]
albedo_color = Color( 0.654902, 0.654902, 0.654902, 1 )
metallic = 1.0
metallic_specular = 1.0

[sub_resource type="CubeMesh" id=3]
size = Vector3( 0.1, 2, 0.25 )

[sub_resource type="SpatialMaterial" id=4]
albedo_color = Color( 0.654902, 0.654902, 0.654902, 1 )
metallic = 1.0
metallic_specular = 1.0

[sub_resource type="CubeMesh" id=5]
size = Vector3( 0.15, 0.75, 0.15 )

[sub_resource type="SpatialMaterial" id=6]
albedo_color = Color( 0.647059, 0.647059, 0.647059, 1 )
metallic = 0.5

[sub_resource type="CubeMesh" id=7]
size = Vector3( 0.1, 0.75, 0.15 )

[sub_resource type="SpatialMaterial" id=8]
albedo_color = Color( 0.301961, 0.211765, 0.0313726, 1 )

[node name="Sword_Model" type="Spatial" groups=["weapon_model"]]
transform = Transform( -1, 0, -8.74228e-08, 0, 1, 0, 8.74228e-08, 0, -1, 0, 0.00423682, 0 )
script = ExtResource( 1 )
hitbox = ExtResource( 2 )

[node name="Blade_tip" type="MeshInstance" parent="."]
transform = Transform( -4.37114e-08, 0, 1, 0.707107, 0.707107, 3.09086e-08, -0.707107, 0.707107, -3.09086e-08, 0, 1.8837, 1.62976 )
mesh = SubResource( 1 )
material/0 = SubResource( 2 )

[node name="Blade" type="MeshInstance" parent="."]
transform = Transform( 1, 0, 0, 0, 0.707107, -0.707107, 0, 0.707107, 0.707107, 0, 1.125, 0.87 )
mesh = SubResource( 3 )
material/0 = SubResource( 4 )

[node name="Guard" type="MeshInstance" parent="."]
transform = Transform( 1, 0, 0, 0, 0.707107, 0.707107, 0, -0.707107, 0.707107, 0, 0.368, 0.12 )
mesh = SubResource( 5 )
material/0 = SubResource( 6 )

[node name="Handle" type="MeshInstance" parent="."]
transform = Transform( 1, 0, 0, 0, 0.707107, -0.707107, 0, 0.707107, 0.707107, 0.0029991, 0.128061, -0.134386 )
mesh = SubResource( 7 )
material/0 = SubResource( 8 )

[node name="hitbox_pos" type="Position3D" parent="."]
transform = Transform( -1, 0, -8.74228e-08, 0, 1, 0, 8.74228e-08, 0, -1, 1.11022e-16, 0.838534, -0.0149081 )
